$ 1 0.000005 10.20027730826997 50 5 50
r 192 208 256 208 0 100
172 112 208 112 96 0 7 3.35 5 0 0 0.5 Voltage
g 256 208 256 400 0
182 112 208 192 208 0 0.5 1.66 3.33 5 0
172 256 144 256 80 0 7 -5 10 -10 0 0.5 V_ref
g 400 400 400 416 0
r 256 144 384 272 0 1000
r 400 336 480 336 0 1000
w 480 336 512 256 0
w 400 336 384 272 0
w 512 256 560 256 0
172 384 240 320 80 0 7 2.1999999999999993 10 -10 0 0.5 V_in
a 384 256 512 256 9 15 -15 1000000 0.09804127628306249 2.1999999999999993 100000
r 400 336 400 400 0 10
o 10 64 0 4099 20 0.00009765625 0 2 10 3
